59535
59536
59537
59538
59539
59530
59541
59542
59543
59544
59545
59546
59547
59548
59549
59540
59551
59552
59553
59554
59555
59556
59557
59558
59559
59550
59561
59562
59563
59564
59565
59566
59567
59568
59569
59560
59571
59572
59573
59574
59575
59576
59577
59578
59579
59570
59581
59582
59583
59584
59585
59586
59587
59588
59589
59580
59591
59592
59593
59594
59595
59596
59597
59598
59599
59590
59501
59502
59503
59504
59505
59506
59507
59508
59509
59500
59611
59612
59613
59614
59615
59616
59617
59618
59619
59610
59621
59622
59623
59624
59625
59626
59627
59628
59629
59620
59631
59632
59633
59634
59635
59636
59637
59638
59639
59630
59641
59642
59643
59644
59645
59646
59647
59648
59649
59640
59651
59652
59653
59654
59655
59656
59657
59658
59659
59650
59661
59662
59663
59664
59665
59666
59667
59668
59669
59660
59671
59672
59673
59674
59675
59676
59677
59678
59679
59670
59681
59682
59683
59684
59685
59686
59687
59688
59689
59680
59691
59692
59693
59694
59695
59696
59697
59698
59699
59690
59601
59602
59603
59604
59605
59606
59607
59608
59609
59600
59711
59712
59713
59714
59715
59716
59717
59718
59719
59710
59721
59722
59723
59724
59725
59726
59727
59728
59729
59720
59731
59732
59733
59734
59735
59736
59737
59738
59739
59730
59741
59742
59743
59744
59745
59746
59747
59748
59749
59740
59751
59752
59753
59754
59755
59756
59757
59758
59759
59750
59761
59762
59763
59764
59765
59766
59767
59768
59769
59760
59771
59772
59773
59774
59775
59776
59777
59778
59779
59770
59781
59782
59783
59784
59785
59786
59787
59788
59789
59780
59791
59792
59793
59794
59795
59796
59797
59798
59799
59790
59701
59702
59703
59704
59705
59706
59707
59708
59709
59700
59811
59812
59813
59814
59815
59816
59817
59818
59819
59810
59821
59822
59823
59824
59825
59826
59827
59828
59829
59820
59831
59832
59833
59834
59835
59836
59837
59838
59839
59830
59841
59842
59843
59844
59845
59846
59847
59848
59849
59840
59851
59852
59853
59854
59855
59856
59857
59858
59859
59850
59861